População 1
4.27058 0.21436 2.51139 1.06012 3.31711 
-4.08367 1.78315 4.57823 -4.56346 4.75185 
2.76190 -2.04453 -5.06460 1.58946 -2.19467 
-0.45466 -1.79301 1.49248 4.19976 4.80895 
0.00823 -4.13130 -4.01085 -1.12001 5.11954 
-3.32450 -0.72572 -0.84094 2.25522 -1.83588 
3.21117 1.40580 3.49847 0.60256 -2.65408 
1.69559 1.63889 4.24907 1.15382 2.19543 
3.88092 -1.20428 -4.96910 3.93633 -4.73482 
-2.04377 -1.63834 -1.40783 4.56871 -2.55858 

População 2
-1.71888 -0.54306 -1.56987 -0.60973 3.45693 
-1.57033 1.18577 -2.38879 2.70873 -1.67901 
0.89532 0.79990 4.84679 -0.72620 -3.71754 
-2.92729 -4.15062 3.04135 -3.79822 2.12320 
0.11677 -5.03729 -4.20108 0.26767 4.01903 
-3.81590 3.34390 -2.73930 -0.10373 2.79261 
-0.17788 3.29739 -2.87045 3.37225 -2.43234 
-4.53352 -3.31808 3.87343 -1.80232 4.51065 
-2.92558 4.21301 0.19055 -3.19880 -1.63320 
1.59302 -1.00609 -0.66381 -0.48564 0.31570 

População 3
-3.66062 4.75114 0.39841 -2.74170 -0.10119 
-0.70256 -1.43760 -1.87729 1.67813 3.57867 
-4.20468 -3.61975 1.75605 -1.95513 4.87250 
4.44371 -1.36865 -3.56559 3.19714 1.94903 
-4.17494 -4.84845 1.04204 1.13562 -2.92724 
4.52884 -2.39137 1.18667 -1.25497 2.24300 
-3.61763 0.20441 1.87414 1.90078 2.58271 
-3.34705 -3.92178 -3.97489 -0.10435 2.87635 
4.72378 0.81097 4.37660 1.35983 3.97584 
4.12910 0.68354 -2.51281 -4.55649 -1.23932 

População 4
4.55622 -3.61142 -0.96776 0.47826 2.64420 
1.22500 -0.11290 -4.86717 -2.70833 3.75212 
2.49582 -1.20596 -1.16346 -0.75004 -4.42518 
-3.70075 1.02291 -3.22696 -2.55564 -4.20144 
4.76939 -2.95186 1.72953 4.02599 3.52797 
0.58538 3.03509 -0.90848 3.19257 3.59860 
2.97220 2.62879 5.10718 -3.11556 -2.01296 
2.63138 3.22944 2.99414 2.88421 -4.59889 
1.62627 0.26003 -0.68485 -4.65720 4.62999 
0.00997 -3.23795 0.53290 1.90301 -0.67359 

População 5
1.45146 1.55240 1.49455 -1.93901 0.45839 
-0.09747 3.76637 -1.62652 4.11405 1.83893 
-3.14792 1.96625 -0.65228 -3.16074 3.97069 
2.45476 4.59064 2.08012 0.32890 2.35485 
2.60123 -3.16483 -2.50512 -3.20362 -2.70203 
-2.99513 1.92635 -0.81998 2.65776 -1.29064 
3.62643 -1.01078 -4.85824 0.00099 2.17021 
0.72014 5.02352 0.81658 4.21362 4.01756 
-2.46449 -4.05430 0.86381 2.00323 -2.09504 
-0.28551 -0.66200 -2.62439 -3.32538 4.78690 

